1.000000000000000000e+01 1.360292196273803711e+00 1.419816732406616211e+00
1.000000000000000000e+02 4.053353071212768555e+00 3.050432205200195312e+00
1.000000000000000000e+03 2.234219813346862793e+01 9.880503892898559570e+00
2.500000000000000000e+03 6.139240956306457520e+01 2.213555884361267090e+01
5.000000000000000000e+03 1.815420801639556885e+02 4.517533159255981445e+01
1.000000000000000000e+04 5.079857716560363770e+02 9.550834584236145020e+01
1.500000000000000000e+04 1.012012479543685913e+03 1.556802175045013428e+02
2.000000000000000000e+04 1.682261376857757568e+03 2.248695247173309326e+02
2.500000000000000000e+04 2.630962866544723511e+03 2.969791278839111328e+02
3.500000000000000000e+04 4.696586300373077393e+03 4.528078591823577881e+02
5.000000000000000000e+04 9.812386454105377197e+03 8.538663845062255859e+02
