1.630000000000000060e-01 1.856500000000000095e-01 2.139999999999999958e-01 2.079999999999999905e-01
1.459999999999999909e-01 1.902000000000000079e-01 1.940000000000000058e-01 1.859999999999999987e-01
1.570000000000000007e-01 1.908499999999999919e-01 2.169999999999999984e-01 2.089999999999999913e-01
1.330000000000000071e-01 1.911499999999999866e-01 1.779999999999999916e-01 1.719999999999999862e-01
1.449999999999999900e-01 1.913499999999999923e-01 2.149999999999999967e-01 2.030000000000000138e-01
1.370000000000000107e-01 1.918499999999999928e-01 2.059999999999999887e-01 1.970000000000000084e-01
1.390000000000000124e-01 1.922000000000000097e-01 1.990000000000000102e-01 1.910000000000000031e-01
1.610000000000000042e-01 1.927999999999999992e-01 2.030000000000000138e-01 1.940000000000000058e-01
1.370000000000000107e-01 1.933999999999999886e-01 1.900000000000000022e-01 1.819999999999999951e-01
1.419999999999999873e-01 1.936499999999999888e-01 2.069999999999999896e-01 1.940000000000000058e-01
1.729999999999999871e-01 1.939500000000000113e-01 2.250000000000000056e-01 2.190000000000000002e-01
1.700000000000000122e-01 1.942000000000000115e-01 2.200000000000000011e-01 2.109999999999999931e-01
1.479999999999999927e-01 1.943499999999999950e-01 1.960000000000000075e-01 1.900000000000000022e-01
1.400000000000000133e-01 1.944500000000000117e-01 1.950000000000000067e-01 1.890000000000000013e-01
1.469999999999999918e-01 1.950000000000000067e-01 2.089999999999999913e-01 1.960000000000000075e-01
1.690000000000000113e-01 1.957500000000000073e-01 2.149999999999999967e-01 2.030000000000000138e-01
1.529999999999999971e-01 1.958000000000000018e-01 2.079999999999999905e-01 1.970000000000000084e-01
1.370000000000000107e-01 1.963499999999999968e-01 1.819999999999999951e-01 1.759999999999999898e-01
1.370000000000000107e-01 1.964500000000000135e-01 1.869999999999999996e-01 1.719999999999999862e-01
1.519999999999999962e-01 1.965500000000000025e-01 2.079999999999999905e-01 1.990000000000000102e-01
1.439999999999999891e-01 1.967500000000000082e-01 2.059999999999999887e-01 1.890000000000000013e-01
1.449999999999999900e-01 1.970500000000000029e-01 1.980000000000000093e-01 1.910000000000000031e-01
1.529999999999999971e-01 1.973499999999999976e-01 2.139999999999999958e-01 2.049999999999999878e-01
1.330000000000000071e-01 1.973499999999999976e-01 1.990000000000000102e-01 1.859999999999999987e-01
1.350000000000000089e-01 1.981999999999999873e-01 1.880000000000000004e-01 1.839999999999999969e-01
1.640000000000000069e-01 1.981999999999999873e-01 2.179999999999999993e-01 2.119999999999999940e-01
1.710000000000000131e-01 1.985000000000000098e-01 2.349999999999999867e-01 2.250000000000000056e-01
1.539999999999999980e-01 1.985999999999999988e-01 2.169999999999999984e-01 2.059999999999999887e-01
1.370000000000000107e-01 1.986999999999999877e-01 1.920000000000000040e-01 1.819999999999999951e-01
1.429999999999999882e-01 1.988000000000000045e-01 1.890000000000000013e-01 1.839999999999999969e-01
1.320000000000000062e-01 1.990500000000000047e-01 1.809999999999999942e-01 1.680000000000000104e-01
1.499999999999999944e-01 1.998000000000000054e-01 1.990000000000000102e-01 1.930000000000000049e-01
1.199999999999999956e-01 1.999499999999999889e-01 1.769999999999999907e-01 1.670000000000000095e-01
1.179999999999999938e-01 2.001499999999999946e-01 1.660000000000000087e-01 1.580000000000000016e-01
1.469999999999999918e-01 2.001999999999999891e-01 2.129999999999999949e-01 1.950000000000000067e-01
1.429999999999999882e-01 2.002500000000000113e-01 2.099999999999999922e-01 2.020000000000000129e-01
1.650000000000000078e-01 2.003999999999999948e-01 2.230000000000000038e-01 2.149999999999999967e-01
1.350000000000000089e-01 2.014499999999999902e-01 1.980000000000000093e-01 1.859999999999999987e-01
1.290000000000000036e-01 2.016499999999999959e-01 1.849999999999999978e-01 1.779999999999999916e-01
1.489999999999999936e-01 2.019499999999999906e-01 1.970000000000000084e-01 1.880000000000000004e-01
1.439999999999999891e-01 2.028000000000000080e-01 1.920000000000000040e-01 1.849999999999999978e-01
1.559999999999999998e-01 2.034999999999999865e-01 2.139999999999999958e-01 2.010000000000000120e-01
1.199999999999999956e-01 2.034999999999999865e-01 1.640000000000000069e-01 1.549999999999999989e-01
1.499999999999999944e-01 2.050500000000000100e-01 2.010000000000000120e-01 1.930000000000000049e-01
1.280000000000000027e-01 2.050500000000000100e-01 1.799999999999999933e-01 1.749999999999999889e-01
1.370000000000000107e-01 2.053999999999999992e-01 1.900000000000000022e-01 1.799999999999999933e-01
1.509999999999999953e-01 2.070500000000000118e-01 2.059999999999999887e-01 1.950000000000000067e-01
1.439999999999999891e-01 2.072499999999999898e-01 2.069999999999999896e-01 1.950000000000000067e-01
1.419999999999999873e-01 2.073000000000000120e-01 1.930000000000000049e-01 1.880000000000000004e-01
1.340000000000000080e-01 2.073500000000000065e-01 1.769999999999999907e-01 1.680000000000000104e-01
