1.779999999999999916e-01 2.519000000000000128e-01 2.449999999999999956e-01 2.270000000000000073e-01
1.960000000000000075e-01 2.540000000000000036e-01 2.530000000000000027e-01 2.439999999999999947e-01
2.069999999999999896e-01 2.565000000000000058e-01 2.859999999999999765e-01 2.750000000000000222e-01
1.880000000000000004e-01 2.575000000000000067e-01 2.479999999999999982e-01 2.389999999999999902e-01
2.089999999999999913e-01 2.578500000000000236e-01 2.790000000000000258e-01 2.660000000000000142e-01
1.920000000000000040e-01 2.579500000000000126e-01 2.670000000000000151e-01 2.590000000000000080e-01
2.149999999999999967e-01 2.589000000000000190e-01 2.740000000000000213e-01 2.630000000000000115e-01
2.030000000000000138e-01 2.589500000000000135e-01 2.650000000000000133e-01 2.610000000000000098e-01
2.020000000000000129e-01 2.597499999999999809e-01 2.750000000000000222e-01 2.640000000000000124e-01
1.980000000000000093e-01 2.600500000000000034e-01 2.590000000000000080e-01 2.530000000000000027e-01
1.900000000000000022e-01 2.604500000000000148e-01 2.479999999999999982e-01 2.379999999999999893e-01
2.059999999999999887e-01 2.610000000000000098e-01 2.849999999999999756e-01 2.720000000000000195e-01
2.250000000000000056e-01 2.614500000000000157e-01 2.780000000000000249e-01 2.700000000000000178e-01
2.000000000000000111e-01 2.615500000000000047e-01 2.690000000000000169e-01 2.560000000000000053e-01
1.920000000000000040e-01 2.631999999999999895e-01 2.770000000000000240e-01 2.670000000000000151e-01
1.950000000000000067e-01 2.641499999999999959e-01 2.500000000000000000e-01 2.389999999999999902e-01
1.950000000000000067e-01 2.641499999999999959e-01 2.630000000000000115e-01 2.530000000000000027e-01
1.920000000000000040e-01 2.643499999999999739e-01 2.570000000000000062e-01 2.469999999999999973e-01
1.849999999999999978e-01 2.647499999999999853e-01 2.690000000000000169e-01 2.590000000000000080e-01
1.980000000000000093e-01 2.647999999999999798e-01 2.690000000000000169e-01 2.520000000000000018e-01
2.099999999999999922e-01 2.656000000000000028e-01 2.810000000000000275e-01 2.650000000000000133e-01
1.809999999999999942e-01 2.664500000000000202e-01 2.530000000000000027e-01 2.409999999999999920e-01
1.960000000000000075e-01 2.667999999999999816e-01 2.630000000000000115e-01 2.570000000000000062e-01
1.980000000000000093e-01 2.667999999999999816e-01 2.690000000000000169e-01 2.610000000000000098e-01
1.829999999999999960e-01 2.671000000000000041e-01 2.320000000000000118e-01 2.220000000000000029e-01
1.779999999999999916e-01 2.675000000000000155e-01 2.469999999999999973e-01 2.409999999999999920e-01
2.099999999999999922e-01 2.676999999999999935e-01 2.720000000000000195e-01 2.620000000000000107e-01
1.990000000000000102e-01 2.676999999999999935e-01 2.580000000000000071e-01 2.489999999999999991e-01
1.950000000000000067e-01 2.684000000000000274e-01 2.439999999999999947e-01 2.359999999999999876e-01
2.369999999999999885e-01 2.688499999999999779e-01 3.079999999999999960e-01 2.979999999999999871e-01
2.059999999999999887e-01 2.688499999999999779e-01 2.800000000000000266e-01 2.690000000000000169e-01
1.849999999999999978e-01 2.688999999999999724e-01 2.419999999999999929e-01 2.300000000000000100e-01
2.039999999999999869e-01 2.689500000000000224e-01 2.690000000000000169e-01 2.590000000000000080e-01
2.039999999999999869e-01 2.691000000000000059e-01 2.720000000000000195e-01 2.630000000000000115e-01
1.940000000000000058e-01 2.691500000000000004e-01 2.630000000000000115e-01 2.550000000000000044e-01
2.349999999999999867e-01 2.696500000000000008e-01 2.849999999999999756e-01 2.770000000000000240e-01
2.109999999999999931e-01 2.700500000000000123e-01 2.859999999999999765e-01 2.740000000000000213e-01
2.119999999999999940e-01 2.702499999999999902e-01 2.839999999999999747e-01 2.750000000000000222e-01
2.069999999999999896e-01 2.708499999999999797e-01 2.610000000000000098e-01 2.560000000000000053e-01
1.920000000000000040e-01 2.720500000000000140e-01 2.650000000000000133e-01 2.560000000000000053e-01
1.920000000000000040e-01 2.725000000000000200e-01 2.540000000000000036e-01 2.449999999999999956e-01
1.779999999999999916e-01 2.726500000000000035e-01 2.590000000000000080e-01 2.439999999999999947e-01
1.549999999999999989e-01 2.727999999999999869e-01 2.220000000000000029e-01 2.059999999999999887e-01
1.849999999999999978e-01 2.732999999999999874e-01 2.479999999999999982e-01 2.349999999999999867e-01
2.010000000000000120e-01 2.734500000000000264e-01 2.700000000000000178e-01 2.600000000000000089e-01
1.900000000000000022e-01 2.735000000000000209e-01 2.610000000000000098e-01 2.540000000000000036e-01
2.169999999999999984e-01 2.739500000000000268e-01 2.700000000000000178e-01 2.590000000000000080e-01
2.039999999999999869e-01 2.758499999999999841e-01 2.780000000000000249e-01 2.710000000000000187e-01
1.930000000000000049e-01 2.763499999999999845e-01 2.530000000000000027e-01 2.419999999999999929e-01
2.079999999999999905e-01 2.774499999999999744e-01 2.869999999999999774e-01 2.760000000000000231e-01
