7.738562064637858340e-01 1.070223944965064344e+00 1.006940014561459984e+00 9.691503811709369920e-01
8.022690906880234341e-01 1.077980277756856786e+00 1.034338055307870929e+00 9.989015298553139965e-01
7.894734847096814834e-01 1.083654809918340067e+00 1.023632440042072433e+00 9.873857160293498803e-01
7.842125792957580499e-01 1.083997226250041690e+00 1.017383673018606993e+00 9.813505949686316399e-01
8.269209392944494308e-01 1.084034107795571522e+00 1.069042300065509377e+00 1.031957264445420241e+00
8.717524087888598450e-01 1.084388988044957758e+00 1.135687559786396905e+00 1.095091388077227501e+00
9.205878046011425342e-01 1.087184543583405105e+00 1.183428184000415495e+00 1.145777686199311196e+00
8.953235871039496585e-01 1.088410406512253292e+00 1.152571699766776314e+00 1.113394904694547716e+00
7.215640080134557710e-01 1.088419800399276660e+00 9.335905940794835267e-01 9.018204759103622958e-01
8.044053124607285499e-01 1.089396090123400329e+00 1.040025756666118406e+00 1.004277230502189866e+00
7.727603645315361813e-01 1.091339103317300996e+00 1.001059390294152918e+00 9.690712864206255661e-01
8.913124306294564203e-01 1.093484378790554601e+00 1.140916548829098209e+00 1.104834173485344850e+00
8.865714432939733047e-01 1.095061641748363401e+00 1.147623517868100240e+00 1.108076526774660175e+00
8.620034735416504112e-01 1.095277928212898155e+00 1.120453878137875003e+00 1.081009205879124746e+00
8.319469775269249245e-01 1.096368559788677866e+00 1.074955162757637250e+00 1.040434500438740750e+00
8.457956703712918856e-01 1.098148786984405323e+00 1.103751160765530592e+00 1.063857736164486978e+00
7.692419883732186658e-01 1.098543584986922506e+00 1.001404882912282801e+00 9.669195649779537272e-01
9.576529298472878926e-01 1.099279051618489156e+00 1.228767650822266244e+00 1.188181675590782360e+00
8.154127582795454021e-01 1.101393135316802718e+00 1.065659889174203512e+00 1.027240519034522626e+00
8.497388329088587655e-01 1.103463784604385101e+00 1.103127817078509487e+00 1.063141729860688445e+00
8.193668927541247760e-01 1.104609759209071340e+00 1.064577964318234926e+00 1.027128548938340380e+00
8.699633715970385150e-01 1.104859919015045655e+00 1.128752231300580666e+00 1.088327061968123344e+00
8.478943506807457009e-01 1.106887135835509683e+00 1.095119221626998263e+00 1.058867681582379427e+00
9.166782283304287793e-01 1.110178848446684352e+00 1.189758316910467295e+00 1.146551679426947468e+00
7.828359365417122406e-01 1.111396929816549584e+00 1.018674760251009115e+00 9.824212606349083110e-01
8.745531720458170621e-01 1.113333527919779131e+00 1.129366407522608418e+00 1.091137906007759728e+00
7.584089513954619388e-01 1.116198337257988005e+00 9.805989862691493197e-01 9.480268864975758270e-01
9.061478838370998767e-01 1.116357598493461500e+00 1.163222399191255585e+00 1.123657151332655202e+00
8.375960889812034127e-01 1.116763183894431188e+00 1.093547790200468661e+00 1.053613996670331732e+00
9.246904121473703553e-01 1.117681507806925323e+00 1.202601751401088048e+00 1.159998038544812315e+00
8.707443254614115613e-01 1.117764304733386060e+00 1.127869920165058826e+00 1.089407247438210602e+00
9.383214159143065114e-01 1.120392649004969154e+00 1.216906257948402459e+00 1.174525338558475740e+00
7.902186478565684791e-01 1.124065205128685907e+00 1.018283016134216235e+00 9.850062747336774116e-01
1.031500656809995586e+00 1.128434254182154373e+00 1.336097009017825687e+00 1.287449718899619677e+00
9.182491936429943991e-01 1.130925759793065755e+00 1.194871319328596693e+00 1.150681041362841883e+00
8.823608124270813091e-01 1.131117266903903795e+00 1.136252282534819580e+00 1.098457218293512838e+00
8.867425484792179624e-01 1.132436244096229894e+00 1.144596028636378104e+00 1.105274374538104620e+00
8.568729232445121413e-01 1.133197582095782030e+00 1.110612255897753586e+00 1.073924122268107517e+00
8.070658475127845399e-01 1.133864547920738985e+00 1.047452240163172288e+00 1.010024851201342555e+00
8.656836327349775040e-01 1.137776194392211782e+00 1.129584411649990905e+00 1.085030839260668012e+00
9.576446259899500379e-01 1.139587253249429777e+00 1.243991385767313718e+00 1.201940490762825497e+00
7.604342704564566180e-01 1.142604999685812084e+00 9.850957541770104520e-01 9.534105156284173876e-01
8.164237450057771905e-01 1.146642363504244200e+00 1.057454754200514380e+00 1.022072553047993493e+00
8.303703709357993512e-01 1.149801056078677108e+00 1.071274778625557200e+00 1.036801179600753908e+00
8.851851783144948360e-01 1.149813570578387845e+00 1.144340832868681934e+00 1.106643763737040986e+00
9.017895593161933121e-01 1.156130232554653858e+00 1.166428777173728060e+00 1.125128711188153829e+00
8.630724778486922322e-01 1.157757775418792434e+00 1.118365294483146144e+00 1.077703615779132207e+00
8.668923476024401609e-01 1.159444906719240942e+00 1.134242140446377611e+00 1.091923907365561330e+00
9.541050036247938904e-01 1.160984676842948149e+00 1.231027112477356633e+00 1.188836424378671763e+00
7.709923987571786208e-01 1.172613539331300414e+00 9.969799850966687416e-01 9.650821860056566504e-01
